4	312202	314269	ctg000004	7636865	7638890	
4	571926	572193	ctg000004	7337323	7337583	
4	571926	572193	ctg000004	7340950	7341213	
4	571946	572193	ctg000004	7326033	7326276	
4	617775	618487	ctg000004	1338275	1338962	
4	683873	684359	ctg000004	2779028	2779496	
4	792040	793142	ctg000004	5978282	5979322	
4	792070	793022	ctg000004	1396663	1395741	red
4	965068	965330	ctg000004	2378363	2378110	red
4	993341	994258	ctg000004	8987420	8986559	red
4	993347	993611	ctg000004	2312390	2312137	red
4	1020392	1020872	ctg000004	3946900	3946430	red
4	1091111	1091723	ctg000004	1445721	1445128	red
4	1091117	1091720	ctg000004	1437358	1436784	red
4	1091451	1091627	ctg000004	1202254	1202422	
4	1142172	1142722	ctg000004	3204903	3205438	
4	1190061	1190296	ctg000004	2575191	2574966	red
4	1256779	1256912	ctg000004	4147351	4147484	
4	1351061	1351657	ctg000004	4010824	4011408	
4	1351320	1351496	ctg000004	4210987	4211155	
4	1457074	1458041	ctg000004	5599681	5598741	red
4	1521257	1521826	ctg000004	12381568	12382112	
4	1540770	1541452	ctg000004	1448766	1449443	
4	1598715	1598854	ctg000004	3447236	3447372	
4	1618157	1619310	ctg000004	2878908	2877784	red
4	1618158	1619941	ctg000004	1686224	1684493	red
4	1621134	1624160	ctg000004	1684363	1681476	red
4	1669366	1671371	ctg000004	1386864	1388721	
4	1673594	1675134	ctg000004	1390401	1391863	
4	1956729	1957673	ctg000004	1395741	1396663	
4	2037742	2038084	ctg000004	3706320	3705983	red
4	2064163	2067725	ctg000004	2906119	2909600	
4	2067722	2068639	ctg000004	2909747	2910637	
4	2198165	2198989	ctg000004	7701977	7702763	
4	2198165	2198989	ctg000004	10844256	10845058	
4	2199479	2200656	ctg000004	7704580	7705718	
4	2199504	2200656	ctg000004	10846866	10847980	
4	2200665	2200883	ctg000004	7706113	7706331	
4	2200665	2200880	ctg000004	10848374	10848589	
4	2201018	2203994	ctg000004	7707941	7710875	
4	2201018	2202212	ctg000004	10850203	10851352	
4	2208742	2209214	ctg000004	3946436	3946900	
4	2209545	2210448	ctg000004	3947274	3948146	
4	2279772	2282122	ctg000004	9532762	9530545	red
4	2282285	2283262	ctg000004	9530545	9529602	red
4	2347838	2348989	ctg000004	10437704	10436587	red
4	2521587	2521793	ctg000004	13654624	13654423	red
4	2553631	2553954	ctg000004	6797214	6796911	red
4	2648951	2649311	ctg000004	1702543	1702194	red
4	2655609	2656057	ctg000004	9554036	9554467	
4	2697074	2703504	ctg000004	5605506	5599300	red
4	2704015	2706821	ctg000004	5598576	5595781	red
4	3308600	3310188	ctg000004	5583480	5581908	red
4	3314832	3315455	ctg000004	5581911	5581295	red
4	3446997	3449100	ctg000004	2675042	2672998	red
4	3649066	3650274	ctg000004	4140382	4141563	
4	3737116	3738970	ctg000004	67321	65536	red
4	3747351	3749160	ctg000004	570407	572114	
4	3886498	3888320	ctg000004	2678963	2677188	red
4	3886530	3887904	ctg000004	2299871	2301190	
4	3888554	3892698	ctg000004	2677148	2673231	red
4	3888661	3889294	ctg000004	2301186	2301792	
4	3889365	3893071	ctg000004	2301794	2305314	
4	3966300	3968292	ctg000004	18711	20667	
4	3973564	3983431	ctg000004	10097	19734	
4	3975353	3978852	ctg000004	1	3410	
4	3997962	4007124	ctg000004	1097	10068	
4	3997962	4007068	ctg000004	20069	29026	
4	3998389	4045307	ctg000004	21890	67285	
4	4046215	4061394	ctg000004	67732	82429	
4	4061396	4271018	ctg000004	82584	286192	
4	4095352	4096636	ctg000004	1172632	1173887	
4	4146126	4148183	ctg000004	1191924	1189937	red
4	4209441	4211193	ctg000004	785470	783744	red
4	4271059	4429938	ctg000004	286192	439960	
4	4278718	4279994	ctg000004	1043801	1045049	
4	4399491	4401020	ctg000004	9532791	9531381	red
4	4432471	4432720	ctg000004	441812	442047	
4	4433060	4433372	ctg000004	442301	442583	
4	4433887	4450376	ctg000004	442997	459015	
4	4450467	4530581	ctg000004	459015	536915	
4	4530726	4554230	ctg000004	536929	559680	
4	4533157	4533906	ctg000004	1678559	1679290	
4	4547288	4547681	ctg000004	2237334	2237716	
4	4547839	4547986	ctg000004	4342080	4342227	
4	4550639	4551955	ctg000004	2204673	2203396	red
4	4551955	4553251	ctg000004	2203274	2202007	red
4	4554230	4560774	ctg000004	565983	559670	red
4	4560771	4563905	ctg000004	565992	569059	
4	4564049	4565079	ctg000004	569214	570236	
4	4565485	4569057	ctg000004	570672	574158	
4	4569396	4582554	ctg000004	574295	586909	
4	4570486	4572224	ctg000004	2201716	2200005	red
4	4579906	4587646	ctg000004	581215	588502	
4	4582559	4781822	ctg000004	587784	780945	
4	4628761	4630003	ctg000004	7329649	7330856	
4	4628761	4630229	ctg000004	7344571	7345979	
4	4645974	4647758	ctg000004	1680987	1682702	
4	4650110	4650319	ctg000004	2592969	2593175	
4	4677142	4679118	ctg000004	1679294	1681181	
4	4682618	4684195	ctg000004	1684683	1686224	
4	4732011	4732265	ctg000004	11460182	11459931	red
4	4777208	5044315	ctg000004	785362	1044345	
4	4889422	4889982	ctg000004	3032078	3032613	
4	4905432	4905756	ctg000004	2593525	2593228	red
4	4990207	4990490	ctg000004	1243338	1243629	
4	5044326	5071788	ctg000004	1044450	1070895	
4	5071965	5177111	ctg000004	1070995	1172991	
4	5133997	5135153	ctg000004	2877784	2878908	
4	5177707	5194608	ctg000004	1173548	1189938	
4	5194595	5195373	ctg000004	1191911	1192689	
4	5195364	5203599	ctg000004	1192966	1201006	
4	5202305	5202549	ctg000004	2238970	2238728	red
4	5203862	5205322	ctg000004	1203198	1204595	
4	5217665	5256963	ctg000004	1204592	1243058	
4	5256969	5267856	ctg000004	1245359	1255930	
4	5268348	5271738	ctg000004	1255928	1259156	
4	5272890	5274069	ctg000004	1259146	1260291	
4	5274419	5292736	ctg000004	1260289	1278094	
4	5279267	5279680	ctg000004	8907222	8906822	red
4	5292738	5292980	ctg000004	1279373	1279611	
4	5294223	5298837	ctg000004	1279603	1284024	
4	5298832	5299018	ctg000004	1288986	1289161	
4	5299183	5304198	ctg000004	1289300	1294171	
4	5306282	5308614	ctg000004	3764769	3767044	
4	5308622	5311779	ctg000004	1293752	1296935	
4	5311250	5317750	ctg000004	1296552	1302841	
4	5318052	5318483	ctg000004	1303215	1303618	
4	5318776	5325143	ctg000004	1303866	1310018	
4	5323810	5326460	ctg000004	1309005	1311605	
4	5326460	5331574	ctg000004	4374365	4379265	
4	5327913	5331581	ctg000004	3132410	3135966	
4	5331581	5340642	ctg000004	1311600	1320383	
4	5339390	5354481	ctg000004	1318878	1333629	
4	5348571	5350828	ctg000004	5566515	5564362	red
4	5351506	5351904	ctg000004	5563610	5563180	red
4	5354114	5359833	ctg000004	1332921	1338403	
4	5354114	5355733	ctg000004	13322321	13323882	
4	5359834	5384046	ctg000004	1338549	1361840	
4	5384043	5386556	ctg000004	1361934	1364396	
4	5385547	5389897	ctg000004	1364011	1368287	
4	5389894	5391719	ctg000004	1368493	1370258	
4	5392318	5392720	ctg000004	1370246	1370631	
4	5396210	5396358	ctg000004	1370654	1370802	
4	5396708	5409809	ctg000004	1370807	1383412	
4	5404322	5404773	ctg000004	1361918	1362360	
4	5405742	5405981	ctg000004	1368154	1368387	
4	5409826	5413787	ctg000004	1383061	1386864	
4	5413691	5413914	ctg000004	1393373	1393593	
4	5413783	5414345	ctg000004	1391911	1392453	
4	5414061	5414567	ctg000004	1393596	1394030	
4	5414557	5414743	ctg000004	1396693	1396874	
4	5416928	5420459	ctg000004	1397014	1400381	
4	5419049	5422211	ctg000004	1419925	1423065	
4	5419935	5420459	ctg000004	1433982	1434492	
4	5419935	5420459	ctg000004	1442341	1442846	
4	5421278	5422340	ctg000004	1401140	1402243	
4	5421862	5422273	ctg000004	1434701	1435114	
4	5421862	5422273	ctg000004	1443054	1443468	
4	5422625	5423202	ctg000004	2237915	2238456	
4	5422657	5423324	ctg000004	1436720	1437355	
4	5422657	5423324	ctg000004	1445065	1445712	
4	5422659	5423324	ctg000004	1202961	1202316	red
4	5423433	5428270	ctg000004	1437588	1442285	
4	5423451	5425846	ctg000004	1445949	1448296	
4	5423688	5428270	ctg000004	1429522	1433930	
4	5423902	5424920	ctg000004	1414361	1415354	
4	5424217	5425075	ctg000004	1456030	1456833	
4	5425084	5429502	ctg000004	1415368	1419782	
4	5425171	5430180	ctg000004	1456836	1461709	
4	5430181	5433197	ctg000004	1464600	1467557	
4	5433394	5449223	ctg000004	1468062	1483412	
4	5449462	5450990	ctg000004	1484522	1486019	
4	5450993	5458611	ctg000004	1487056	1494443	
4	5458609	5470923	ctg000004	1494642	1506671	
4	5471385	5472405	ctg000004	5568521	5569466	
4	5472390	5517286	ctg000004	1506654	1550085	
4	5474985	5476389	ctg000004	2880670	2882119	
4	5517820	5518727	ctg000004	3414116	3414986	
4	5517822	5518731	ctg000004	1815889	1816751	
4	5519772	5528955	ctg000004	1550084	1558975	
4	5529516	5567880	ctg000004	1559221	1596454	
4	5539982	5541392	ctg000004	4010808	4009443	red
4	5545802	5546454	ctg000004	1836210	1835575	red
4	5545846	5546455	ctg000004	1834192	1833604	red
4	5568246	5568491	ctg000004	1596645	1596888	
4	5568448	5569199	ctg000004	1596684	1597491	
4	5570792	5571549	ctg000004	2133725	2134455	
4	5573133	5581566	ctg000004	1597488	1605611	
4	5574322	5575209	ctg000004	2135508	2136381	
4	5586564	5604461	ctg000004	1605607	1622950	
4	5604459	5605316	ctg000004	12399269	12398447	red
4	5606175	5611215	ctg000004	1622955	1627853	
4	5614071	5614392	ctg000004	1630016	1630349	
4	5614387	5664086	ctg000004	1630723	1678949	
4	5642441	5643404	ctg000004	8110821	8111756	
4	5669540	5673240	ctg000004	1686235	1689848	
4	5673733	5676289	ctg000004	1689847	1692351	
4	5676555	5681774	ctg000004	1692401	1697400	
4	5679537	5679936	ctg000004	3658674	3658287	red
4	5682693	5683901	ctg000004	1697392	1698572	
4	5691828	5697585	ctg000004	5596557	5590978	red
4	5697848	5700072	ctg000004	1698563	1700723	
4	5700072	5706741	ctg000004	1702581	1709066	
4	5702109	5702329	ctg000004	2739746	2739535	red
4	5707163	5714372	ctg000004	1709534	1716658	
4	5714629	5716576	ctg000004	1716656	1718548	
4	5716579	5718342	ctg000004	1719623	1721332	
4	5718611	5727819	ctg000004	1721327	1730168	
4	5728252	5742337	ctg000004	1730159	1743785	
4	5742486	5744794	ctg000004	1743797	1746150	
4	5744795	5753182	ctg000004	1747191	1755397	
4	5753183	5771424	ctg000004	1760944	1778659	
4	5769070	5769661	ctg000004	1814256	1814831	
4	5771420	5772265	ctg000004	1780441	1781265	
4	5771420	5771969	ctg000004	1814910	1815445	
4	5773245	5773395	ctg000004	1815741	1815888	
4	5773387	5790124	ctg000004	1816751	1833074	
4	5790520	5790718	ctg000004	1833409	1833605	
4	5791884	5809769	ctg000004	1837821	1855241	
4	5810004	5822426	ctg000004	1855381	1867537	
4	5827299	5946327	ctg000004	1867530	1982952	
4	5845411	5845891	ctg000004	3036658	3036193	red
4	5934171	5934542	ctg000004	8134762	8135119	
4	5934212	5934844	ctg000004	2528892	2528280	red
4	5946841	5965692	ctg000004	1983229	2001550	
4	5970868	5981597	ctg000004	2001546	2011956	
4	5976747	5977268	ctg000004	3327888	3327401	red
4	5981675	5987002	ctg000004	2014747	2019908	
4	5991977	6002767	ctg000004	2019909	2030374	
4	6000484	6020206	ctg000004	2031107	2050278	
4	6021190	6056329	ctg000004	2051360	2085482	
4	6033543	6034591	ctg000004	2867056	2868081	
4	6054672	6055642	ctg000004	10483238	10484138	
4	6056467	6057520	ctg000004	2085631	2086649	
4	6057510	6062872	ctg000004	2086585	2091625	
4	6063277	6076822	ctg000004	2091624	2104806	
4	6076497	6098246	ctg000004	2104646	2125782	
4	6098483	6099700	ctg000004	2125851	2127023	
4	6099693	6102048	ctg000004	2128139	2130401	
4	6106850	6108279	ctg000004	2130796	2132267	
4	6108486	6109160	ctg000004	2132393	2133061	
4	6109897	6110310	ctg000004	2136748	2137140	
4	6111532	6113581	ctg000004	2137239	2139259	
4	6113712	6115342	ctg000004	7536551	7538116	
4	6115903	6116485	ctg000004	7538116	7538670	
4	6116485	6123687	ctg000004	2139526	2146605	
4	6125316	6125714	ctg000004	2147008	2147402	
4	6125731	6157521	ctg000004	2148979	2179863	
4	6159510	6178449	ctg000004	2179866	2198223	
4	6168539	6169226	ctg000004	1395136	1394504	red
4	6168971	6169229	ctg000004	2791350	2791606	
4	6179575	6180960	ctg000004	2198223	2199570	
4	6180956	6183610	ctg000004	2204673	2207260	
4	6183620	6185132	ctg000004	13529855	13531308	
4	6185141	6203665	ctg000004	2207257	2225288	
4	6197692	6198841	ctg000004	1778664	1779781	
4	6199346	6199939	ctg000004	1779781	1780352	
4	6204309	6216664	ctg000004	2225293	2237334	
4	6209999	6211601	ctg000004	3651040	3649478	red
4	6216656	6222348	ctg000004	2239913	2245494	
4	6222448	6230178	ctg000004	2245497	2253051	
4	6230273	6235084	ctg000004	2253384	2258098	
4	6235107	6255156	ctg000004	2258081	2277687	
4	6252424	6253057	ctg000004	3032013	3032607	
4	6255144	6273288	ctg000004	2280738	2298529	
4	6273280	6280046	ctg000004	2305494	2312017	
4	6280055	6289656	ctg000004	2312868	2322045	
4	6280280	6281097	ctg000004	2312301	2313083	
4	6289757	6321579	ctg000004	2322047	2353105	
4	6300782	6301530	ctg000004	2031103	2030375	red
4	6321578	6330902	ctg000004	2355896	2364976	
4	6330896	6339154	ctg000004	2368739	2376735	
4	6340320	6340854	ctg000004	2376743	2377262	
4	6340884	6341681	ctg000004	2384223	2384994	
4	6341679	6342508	ctg000004	2385187	2385970	
4	6342725	6350835	ctg000004	2385972	2393865	
4	6350835	6353308	ctg000004	2394709	2397119	
4	6353304	6365765	ctg000004	2397787	2409894	
4	6365765	6366071	ctg000004	2784224	2784525	
4	6366345	6367676	ctg000004	2489067	2487776	red
4	6366912	6367687	ctg000004	2785102	2785854	
4	6367674	6376614	ctg000004	2409892	2418577	
4	6376261	6376540	ctg000004	4720396	4720666	
4	6379047	6381993	ctg000004	2418569	2421493	
4	6381985	6387368	ctg000004	2429158	2434417	
4	6387403	6393541	ctg000004	2433765	2439742	
4	6393998	6395850	ctg000004	2439742	2441582	
4	6396019	6414054	ctg000004	2441612	2459220	
4	6414094	6414644	ctg000004	1467981	1467450	red
4	6414639	6422800	ctg000004	2459220	2467087	
4	6422868	6428629	ctg000004	2467074	2472646	
4	6429960	6443891	ctg000004	2472646	2486066	
4	6443883	6444979	ctg000004	2486561	2487732	
4	6445051	6459138	ctg000004	2489078	2502807	
4	6459244	6462418	ctg000004	2503057	2506154	
4	6462575	6463600	ctg000004	2506360	2507385	
4	6463780	6464855	ctg000004	2507679	2508728	
4	6465899	6466441	ctg000004	2509740	2510296	
4	6466863	6467412	ctg000004	2510560	2511097	
4	6473068	6480422	ctg000004	2511093	2518310	
4	6480701	6480883	ctg000004	2518532	2518712	
4	6481021	6481302	ctg000004	2524978	2525253	
4	6481421	6482945	ctg000004	2526729	2528277	
4	6483065	6483642	ctg000004	2529406	2529947	
4	6483723	6489996	ctg000004	2530211	2536275	
4	6489985	6490288	ctg000004	2537296	2537594	
4	6490535	6523108	ctg000004	2537810	2569592	
4	6523138	6528474	ctg000004	2569786	2574963	
4	6528473	6529314	ctg000004	2575190	2576008	
4	6537161	6549406	ctg000004	2576004	2587913	
4	6550313	6552629	ctg000004	2588079	2590299	
4	6552646	6553158	ctg000004	6454857	6455354	
4	6553320	6553608	ctg000004	6455558	6455843	
4	6553608	6556345	ctg000004	2590326	2592970	
4	6556586	6560406	ctg000004	2593992	2597765	
4	6561656	6561891	ctg000004	2597768	2597998	
4	6562362	6562831	ctg000004	2598016	2598491	
4	6563132	6563591	ctg000004	2598801	2599245	
4	6564144	6588724	ctg000004	2600563	2624342	
4	6593809	6625715	ctg000004	2624339	2655366	
4	6624863	6633029	ctg000004	2655364	2663272	
4	6625289	6626160	ctg000004	2394713	2393863	red
4	6633025	6633525	ctg000004	4166037	4166518	
4	6633030	6633526	ctg000004	1450783	1450288	red
4	6633031	6633520	ctg000004	2365247	2365721	
4	6633527	6643319	ctg000004	2663268	2672714	
4	6638805	6639203	ctg000004	4721408	4721021	red
4	6638887	6639502	ctg000004	4721032	4720432	red
4	6643310	6644860	ctg000004	2680699	2682306	
4	6645073	6666198	ctg000004	2682571	2702947	
4	6666291	6667117	ctg000004	2702947	2703742	
4	6667258	6677832	ctg000004	2703770	2714016	
4	6677819	6681450	ctg000004	2714613	2718158	
4	6678698	6680279	ctg000004	2722569	2724061	
4	6681457	6686545	ctg000004	2718523	2723454	
4	6687389	6689645	ctg000004	2723794	2726078	
4	6690193	6693858	ctg000004	2728275	2731862	
4	6693860	6694343	ctg000004	2732782	2733255	
4	6694380	6700208	ctg000004	2733412	2739096	
4	6701358	6701630	ctg000004	2739265	2739531	
4	6702040	6722294	ctg000004	2739616	2759345	
4	6731687	6735160	ctg000004	2759591	2762943	
4	6735354	6737035	ctg000004	2763892	2765528	
4	6737026	6748536	ctg000004	2767118	2778324	
4	6748536	6750111	ctg000004	2779495	2781071	
4	6750182	6753162	ctg000004	2781346	2784227	
4	6753170	6754304	ctg000004	2785849	2786937	
4	6754306	6756640	ctg000004	2787717	2789986	
4	6758037	6758533	ctg000004	2790324	2790798	
4	6758533	6797215	ctg000004	2791605	2829259	
4	6797224	6798197	ctg000004	2829593	2830631	
4	6798455	6799208	ctg000004	2830657	2831390	
4	6799208	6802079	ctg000004	2833343	2836157	
4	6803249	6807341	ctg000004	2836184	2840113	
4	6808847	6809015	ctg000004	1834488	1834651	
4	6809182	6809897	ctg000004	1837077	1837753	
4	6810929	6811761	ctg000004	2841224	2842026	
4	6811765	6814334	ctg000004	2842836	2845308	
4	6814350	6814913	ctg000004	2845652	2846201	
4	6815659	6817183	ctg000004	2846308	2847764	
4	6817481	6836917	ctg000004	2848039	2867059	
4	6836917	6837240	ctg000004	2868100	2868417	
4	6837050	6859741	ctg000004	2882132	2904219	
4	6859747	6860291	ctg000004	2904523	2905048	
4	6861216	6861500	ctg000004	2911033	2911333	
4	6861786	6875971	ctg000004	2911353	2925135	
4	6876079	6876401	ctg000004	2926194	2926499	
4	6876849	6877405	ctg000004	2926579	2927111	
4	6877622	6890558	ctg000004	2927107	2939731	
4	6890595	6891200	ctg000004	2939895	2940486	
4	6891361	6891750	ctg000004	2940488	2940868	
4	6891791	6908374	ctg000004	2945475	2961599	
4	6909163	6911516	ctg000004	2961599	2963927	
4	6912413	6930980	ctg000004	2964048	2981984	
4	6927139	6927205	ctg000004	4147118	4147052	red
4	6930980	6934008	ctg000004	2984074	2987022	
4	6934088	6934362	ctg000004	2987245	2987502	
4	6934368	6935217	ctg000004	2926049	2925231	red
4	6935215	6940916	ctg000004	2987500	2993044	
4	6941166	6942462	ctg000004	2993050	2994243	
4	6942516	6943642	ctg000004	2995697	2996764	
4	6943396	6943566	ctg000004	2383588	2383755	
4	6943763	6943897	ctg000004	3447905	3447772	red
4	6944555	6953468	ctg000004	2996839	3005534	
4	6954352	6967106	ctg000004	3005534	3017972	
4	6967628	6977662	ctg000004	3018410	3028141	
4	6978237	6978391	ctg000004	3028138	3028290	
4	6978409	6978538	ctg000004	3028435	3028559	
4	6978538	6978953	ctg000004	3028678	3029080	
4	6980361	6981997	ctg000004	3030385	3031990	
4	6982032	6984991	ctg000004	3032611	3035543	
4	6983621	6984214	ctg000004	3037463	3038014	
4	6985197	6992119	ctg000004	3039135	3045982	
4	6992293	6996129	ctg000004	3045982	3049685	
4	6996127	7006088	ctg000004	3049596	3059370	
4	6996895	6997648	ctg000004	2982443	2981698	red
4	7006558	7011581	ctg000004	3059508	3064478	
4	7012930	7017076	ctg000004	3064586	3068638	
4	7017226	7034251	ctg000004	3068653	3085298	
4	7032555	7033176	ctg000004	1835685	1836302	
4	7033327	7034247	ctg000004	1836569	1837453	
4	7033414	7034251	ctg000004	1834490	1835290	
4	7034792	7035032	ctg000004	1835290	1835522	
4	7034792	7069474	ctg000004	3085298	3119088	
4	7058605	7059527	ctg000004	13082941	13082055	red
4	7059920	7060699	ctg000004	10563565	10562811	red
4	7061036	7062442	ctg000004	6671574	6672906	
4	7069473	7080819	ctg000004	3119585	3130804	
4	7081217	7081548	ctg000004	3130801	3131114	
4	7081543	7083624	ctg000004	3135966	3137985	
4	7084027	7084539	ctg000004	1426919	1426430	red
4	7084069	7084704	ctg000004	8490267	8490870	
4	7084085	7084555	ctg000004	1453666	1453222	red
4	7084545	7084709	ctg000004	1426239	1426078	red
4	7084545	7084701	ctg000004	1453070	1452915	red
4	7085187	7099847	ctg000004	3139194	3153513	
4	7100638	7101221	ctg000004	3153505	3154075	
4	7102656	7112813	ctg000004	3154077	3164017	
4	7112828	7118625	ctg000004	3164856	3170487	
4	7118745	7128245	ctg000004	3170487	3179726	
4	7128276	7136605	ctg000004	3179979	3188104	
4	7136502	7140224	ctg000004	3188100	3191725	
4	7140796	7153961	ctg000004	3191746	3204641	
4	7153959	7154434	ctg000004	3205672	3206145	
4	7155507	7262962	ctg000004	3206562	3311406	
4	7248853	7249301	ctg000004	8111762	8111325	red
4	7262925	7275395	ctg000004	3311405	3323617	
4	7275398	7275815	ctg000004	3323981	3324393	
4	7278077	7279795	ctg000004	3324501	3326233	
4	7279795	7280770	ctg000004	3326453	3327401	
4	7280763	7280975	ctg000004	3327925	3328142	
4	7281105	7298994	ctg000004	3328142	3345701	
4	7299366	7299852	ctg000004	3345693	3346198	
4	7300020	7300395	ctg000004	3346247	3346616	
4	7301666	7303174	ctg000004	3346598	3348072	
4	7303268	7303682	ctg000004	3348208	3348608	
4	7303682	7304064	ctg000004	4988224	4987850	red
4	7303683	7304046	ctg000004	4983587	4983238	red
4	7304051	7304222	ctg000004	3348604	3348776	
4	7304244	7309758	ctg000004	3349027	3354444	
4	7309897	7310356	ctg000004	3354614	3355058	
4	7310379	7311228	ctg000004	3355458	3356269	
4	7314938	7319258	ctg000004	3355652	3359873	
4	7319253	7329838	ctg000004	3364355	3374664	
4	7330186	7330556	ctg000004	3374747	3375114	
4	7331080	7345086	ctg000004	3375112	3388737	
4	7345109	7346924	ctg000004	3389081	3390836	
4	7346924	7347666	ctg000004	1790010	1790730	
4	7346926	7348095	ctg000004	1451929	1450784	red
4	7348635	7353292	ctg000004	3390837	3395295	
4	7353528	7359459	ctg000004	3395498	3401248	
4	7359462	7364591	ctg000004	4374365	4379279	
4	7364591	7377791	ctg000004	3401244	3414111	
4	7377796	7381326	ctg000004	3414994	3418442	
4	7382875	7383415	ctg000004	3418476	3419058	
4	7383415	7384282	ctg000004	8252481	8253323	
4	7384281	7384947	ctg000004	3419058	3419726	
4	7384954	7385115	ctg000004	3419884	3420043	
4	7385612	7398347	ctg000004	3420465	3432799	
4	7398481	7403095	ctg000004	3432910	3437428	
4	7403088	7403998	ctg000004	3437792	3438690	
4	7404777	7405717	ctg000004	3438685	3439649	
4	7405845	7407593	ctg000004	3439733	3441432	
4	7407995	7408406	ctg000004	3441448	3441854	
4	7409582	7413440	ctg000004	3443333	3447078	
4	7413915	7415297	ctg000004	3448645	3450039	
4	7417153	7418686	ctg000004	3450466	3451944	
4	7418686	7419306	ctg000004	3452118	3452747	
4	7419602	7422240	ctg000004	3452998	3455502	
4	7422543	7426140	ctg000004	3456228	3459674	
4	7426334	7491160	ctg000004	3459678	3522892	
4	7491232	7513179	ctg000004	3529997	3551313	
4	7513295	7524720	ctg000004	3551314	3562357	
4	7526691	7529819	ctg000004	3562349	3565382	
4	7529976	7605298	ctg000004	3565382	3638586	
4	7581164	7581295	ctg000004	13067698	13067828	
4	7605320	7609805	ctg000004	3638705	3643083	
4	7607112	7607428	ctg000004	3645831	3646150	
4	7608987	7609618	ctg000004	3651959	3652527	
4	7611020	7611296	ctg000004	3652919	3653204	
4	7611849	7612266	ctg000004	3661753	3662151	
4	7612303	7623833	ctg000004	3662441	3673652	
4	7612900	7613151	ctg000004	3660136	3660375	
4	7624077	7629948	ctg000004	3673652	3679475	
4	7629960	7630123	ctg000004	3138851	3138696	red
4	7630505	7631184	ctg000004	3679482	3680147	
4	7631357	7639369	ctg000004	3680310	3688117	
4	7640448	7643920	ctg000004	3688119	3691499	
4	7643916	7652429	ctg000004	3691752	3700032	
4	7653320	7658928	ctg000004	3700471	3705911	
4	7658928	7666748	ctg000004	3706932	3714511	
4	7667465	7669281	ctg000004	3714655	3716424	
4	7669557	7689362	ctg000004	3716908	3736083	
4	7689881	7703522	ctg000004	3736083	3749302	
4	7693525	7704939	ctg000004	3742754	3753863	
4	7704704	7713358	ctg000004	3753858	3762314	
4	7713350	7756299	ctg000004	3767511	3809445	
4	7716629	7716814	ctg000004	2366159	2366343	
4	7735560	7735805	ctg000004	7757273	7757031	red
4	7756306	7756575	ctg000004	3810675	3810938	
4	7756848	7759878	ctg000004	3811209	3814130	
4	7760017	7762465	ctg000004	3814261	3816670	
4	7762463	7762651	ctg000004	3816921	3817109	
4	7762878	7763522	ctg000004	3817238	3817868	
4	7763754	7812745	ctg000004	3817964	3865676	
4	7814120	7816821	ctg000004	3865663	3868346	
4	7816826	7817796	ctg000004	3131114	3132057	
4	7821794	7824086	ctg000004	3868352	3870602	
4	7824101	7838196	ctg000004	3871220	3884919	
4	7838343	7838943	ctg000004	3656643	3657240	
4	7838942	7840836	ctg000004	3885206	3887008	
4	7841005	7847211	ctg000004	3887247	3893328	
4	7847255	7847516	ctg000004	3893326	3893591	
4	7847699	7848236	ctg000004	3893648	3894197	
4	7848950	7849787	ctg000004	3894450	3895271	
4	7849784	7852872	ctg000004	3895715	3898708	
4	7853532	7856314	ctg000004	3898708	3901427	
4	7856314	7899685	ctg000004	3903982	3946021	
4	7899683	7905764	ctg000004	3950001	3955876	
4	7906370	7944908	ctg000004	3955880	3993553	
4	7945057	7948405	ctg000004	3993569	3996818	
4	7948433	7951449	ctg000004	3997229	4000195	
4	7951445	7954729	ctg000004	4000561	4003774	
4	7954865	7955446	ctg000004	4003779	4004386	
4	7955896	7956841	ctg000004	4008489	4009447	
4	7956841	7956971	ctg000004	4011407	4011533	
4	7957122	8007017	ctg000004	4013901	4062765	
4	8006634	8006833	ctg000004	4062775	4062971	
4	8006741	8007092	ctg000004	4062969	4063315	
4	8007128	8007465	ctg000004	4097807	4097460	red
4	8007690	8008046	ctg000004	4105498	4105179	red
4	8008044	8013300	ctg000004	4064839	4069983	
4	8008051	8008525	ctg000004	4104546	4104083	red
4	8013286	8024717	ctg000004	4075596	4086841	
4	8024864	8035674	ctg000004	4086844	4097456	
4	8026513	8026759	ctg000004	4102839	4103082	
4	8027255	8028610	ctg000004	4103105	4104421	
4	8035695	8036255	ctg000004	4063710	4063156	red
4	8036314	8037605	ctg000004	4106814	4108092	
4	8040065	8040356	ctg000004	9741463	9741738	
4	8040065	8040359	ctg000004	9744859	9745151	
4	8040721	8052537	ctg000004	4108159	4119746	
4	8043755	8044987	ctg000004	4105609	4106812	
4	8052534	8063227	ctg000004	4120257	4130764	
4	8063316	8063469	ctg000004	4130765	4130901	
4	8066066	8075595	ctg000004	4130901	4140190	
4	8075582	8094326	ctg000004	4147750	4166025	
4	8094323	8097074	ctg000004	4166520	4169172	
4	8097793	8105950	ctg000004	4169177	4177234	
4	8106202	8106470	ctg000004	4177475	4177730	
4	8106966	8107297	ctg000004	4178395	4178711	
4	8107297	8110092	ctg000004	4179662	4182404	
4	8110319	8111812	ctg000004	4183331	4184823	
4	8111815	8118275	ctg000004	4185062	4191410	
4	8118363	8130295	ctg000004	4191410	4203126	
4	8131454	8138336	ctg000004	4203122	4209848	
4	8138554	8139345	ctg000004	4209845	4210617	
4	8139339	8156975	ctg000004	4211837	4228995	
4	8150732	8151415	ctg000004	1814259	1814904	
4	8156976	8157077	ctg000004	4229171	4229272	
4	8157999	8211623	ctg000004	4230272	4282802	
4	8211634	8235973	ctg000004	4282913	4306492	
4	8235972	8264546	ctg000004	4306527	4334121	
4	8263234	8266345	ctg000004	4335235	4338172	
4	8264709	8266246	ctg000004	4334123	4335550	
4	8265984	8271069	ctg000004	4337015	4342079	
4	8271083	8279255	ctg000004	4342204	4350164	
4	8279479	8287703	ctg000004	4350342	4358223	
4	8287918	8289059	ctg000004	4358237	4359320	
4	8289058	8289414	ctg000004	4359474	4359808	
4	8289600	8290621	ctg000004	4360034	4361046	
4	8290738	8292102	ctg000004	4361160	4362497	
4	8292681	8304125	ctg000004	4363243	4374364	
4	8304120	8317469	ctg000004	4379279	4392313	
4	8318160	8327637	ctg000004	4392312	4401432	
4	8329715	8408222	ctg000004	4401428	4477859	
4	8409136	8421099	ctg000004	4477848	4489485	
4	8421901	8446276	ctg000004	4489482	4513133	
4	8446397	8446578	ctg000004	4513485	4513665	
4	8447476	8458376	ctg000004	4514746	4525303	
4	8458784	8460052	ctg000004	4525283	4526481	
4	8459903	8495289	ctg000004	4526509	4560946	
4	8461911	8462455	ctg000004	5674379	5673849	red
4	8492474	8492620	ctg000004	10438644	10438503	red
4	8495278	8524301	ctg000004	4561427	4589751	
4	8524292	8550734	ctg000004	4594419	4620219	
4	8551188	8553589	ctg000004	4620291	4622648	
4	8553695	8564068	ctg000004	4622649	4632897	
4	8564947	8641009	ctg000004	4633173	4707168	
4	8641004	8643687	ctg000004	4717771	4720393	
4	8643687	8695155	ctg000004	4721407	4771488	
4	8695141	8695547	ctg000004	4772225	4772649	
4	8695547	8724530	ctg000004	4772798	4801065	
4	8724683	8880400	ctg000004	4801861	4953364	
4	8728401	8729045	ctg000004	4211837	4211210	red
4	8729129	8730453	ctg000004	12371156	12372441	
4	8819845	8820390	ctg000004	2790833	2791354	
4	8880395	8890450	ctg000004	4958357	4968091	
4	8890451	8899078	ctg000004	4968224	4976597	
4	8899077	8899965	ctg000004	9853569	9852712	red
4	8899965	8901435	ctg000004	4976597	4978070	
4	8907276	8912558	ctg000004	4978069	4983237	
4	8912553	8913386	ctg000004	4988224	4989043	
4	8913634	8944560	ctg000004	4989627	5019884	
4	8944550	8946382	ctg000004	5026902	5028707	
4	8946796	8947171	ctg000004	5028698	5029066	
4	8947759	8959464	ctg000004	5029133	5040533	
4	8960518	8969614	ctg000004	5040516	5049400	
4	8969616	9015400	ctg000004	5051420	5095841	
4	9015488	9022928	ctg000004	5096170	5103540	
4	9023081	9035262	ctg000004	5104303	5116198	
4	9035253	9035522	ctg000004	3455493	3455750	
4	9035260	9035522	ctg000004	3716655	3716908	
4	9035521	9042153	ctg000004	5116197	5122577	
4	9042517	9047626	ctg000004	5122600	5127717	
4	9047617	9069262	ctg000004	5128413	5149463	
4	9069330	9070072	ctg000004	4102490	4101762	red
4	9076440	9182935	ctg000004	5149463	5253541	
4	9111574	9112130	ctg000004	13055805	13056341	
4	9172337	9174272	ctg000004	2726092	2727996	
4	9182983	9187052	ctg000004	5255262	5259333	
4	9185107	9187019	ctg000004	5252721	5254611	
4	9188005	9188666	ctg000004	5253963	5254611	
4	9188005	9192432	ctg000004	5258657	5262940	
4	9192434	9307515	ctg000004	5264370	5376410	
4	9307763	9320553	ctg000004	5376546	5389050	
4	9320299	9320553	ctg000004	5393121	5393409	
4	9320299	9320565	ctg000004	7806585	7806285	red
4	9320299	9320553	ctg000004	7810989	7810697	red
4	9323348	9327300	ctg000004	5393888	5397761	
4	9327518	9336125	ctg000004	5397983	5406391	
4	9336483	9343615	ctg000004	5406589	5413556	
4	9343616	9344436	ctg000004	5414066	5414896	
4	9344434	9345766	ctg000004	5415217	5416508	
4	9345767	9357132	ctg000004	5416641	5427735	
4	9357372	9368717	ctg000004	5428127	5439176	
4	9368708	9369344	ctg000004	3656641	3657240	
4	9369343	9399020	ctg000004	5439176	5468304	
4	9399115	9400746	ctg000004	5468510	5470109	
4	9400931	9401719	ctg000004	5470304	5471081	
4	9401998	9403292	ctg000004	5471070	5472358	
4	9403434	9419427	ctg000004	5472360	5487897	
4	9419434	9424166	ctg000004	5488351	5492899	
4	9424592	9429458	ctg000004	5493043	5497679	
4	9429603	9433265	ctg000004	5497726	5501309	
4	9433265	9438200	ctg000004	5502004	5506845	
4	9438208	9438699	ctg000004	5507789	5508251	
4	9438785	9439026	ctg000004	13081765	13081996	
4	9439550	9440508	ctg000004	13081999	13082910	
4	9439956	9440525	ctg000004	10563557	10564105	
4	9440527	9455790	ctg000004	5508398	5523126	
4	9455927	9463153	ctg000004	5523258	5530259	
4	9463148	9466190	ctg000004	5530945	5533959	
4	9466405	9483822	ctg000004	5533979	5551097	
4	9481810	9483451	ctg000004	5628870	5630481	
4	9489283	9490420	ctg000004	5647089	5648187	
4	9489889	9490102	ctg000004	5620457	5620669	
4	9490222	9493067	ctg000004	5632105	5634804	
4	9490681	9496123	ctg000004	5658791	5664101	
4	9491038	9496123	ctg000004	5607145	5612075	
4	9493202	9495888	ctg000004	5634816	5637446	
4	9495177	9495875	ctg000004	5553894	5554589	
4	9496125	9496512	ctg000004	6328326	6328711	
4	9496128	9496512	ctg000004	6333181	6333554	
4	9497298	9498056	ctg000004	5611883	5612655	
4	9497298	9497537	ctg000004	5622769	5623005	
4	9497634	9498562	ctg000004	5627928	5628861	
4	9497788	9499612	ctg000004	5639186	5640961	
4	9500421	9502052	ctg000004	5655657	5657273	
4	9501573	9502523	ctg000004	5643778	5644696	
4	9501573	9503286	ctg000004	5645994	5647656	
4	9501574	9502523	ctg000004	5645085	5646002	
4	9501779	9502052	ctg000004	5614900	5615171	
4	9501779	9502052	ctg000004	5654155	5654428	
4	9502043	9502446	ctg000004	5644890	5645276	
4	9502045	9502443	ctg000004	5643581	5643973	
4	9502081	9502523	ctg000004	5642981	5643398	
4	9502245	9503516	ctg000004	5631262	5632492	
4	9502881	9503277	ctg000004	5551849	5552230	
4	9504163	9506325	ctg000004	5649060	5651182	
4	9505900	9514787	ctg000004	5554583	5563182	
4	9507955	9508344	ctg000004	5614254	5614647	
4	9508017	9508376	ctg000004	5630586	5630940	
4	9514780	9517242	ctg000004	5569460	5571874	
4	9517060	9517771	ctg000004	5628175	5628868	
4	9517367	9520568	ctg000004	5572002	5575163	
4	9519046	9520007	ctg000004	5606113	5607092	
4	9519647	9520569	ctg000004	5630608	5631537	
4	9520561	9522681	ctg000004	5657007	5659057	
4	9521049	9525717	ctg000004	5575420	5579946	
4	9525752	9526725	ctg000004	5579945	5580937	
4	9527619	9528058	ctg000004	5583481	5583912	
4	9528059	9528481	ctg000004	5584354	5584775	
4	9535469	9537638	ctg000004	5552296	5554404	
4	9537646	9540560	ctg000004	5548727	5551648	
4	9537984	9539767	ctg000004	5628870	5630587	
4	9542122	9543771	ctg000004	5648219	5649832	
4	9542850	9544446	ctg000004	5621198	5622752	
4	9543850	9544787	ctg000004	5663185	5664124	
4	9545691	9546634	ctg000004	5651181	5652116	
4	9545801	9546150	ctg000004	5613140	5613500	
4	9545801	9546143	ctg000004	5664508	5664851	
4	9547002	9556243	ctg000004	5664849	5673849	
4	9547398	9547977	ctg000004	5655008	5655570	
4	9547801	9548139	ctg000004	5574858	5575198	
4	9548824	9549203	ctg000004	5620524	5620894	
4	9550527	9552986	ctg000004	5636767	5639172	
4	9551718	9552206	ctg000004	5571698	5572168	
4	9552107	9552339	ctg000004	5664130	5664359	
4	9552108	9552339	ctg000004	5612789	5613019	
4	9556251	9570497	ctg000004	5674378	5688221	
4	9570494	9570655	ctg000004	1288828	1288984	
4	9570498	9575603	ctg000004	1284025	1288975	
4	9575605	9664312	ctg000004	5688218	5774627	
4	9664312	9668659	ctg000004	5775876	5780092	
4	9668942	9675505	ctg000004	5780290	5786727	
4	9675520	9732595	ctg000004	5787008	5842811	
4	9737733	9738939	ctg000004	5842807	5843976	
4	9739354	9742024	ctg000004	5844041	5846621	
4	9742602	9744641	ctg000004	5846553	5848595	
4	9744770	9747132	ctg000004	5848730	5851048	
4	9747339	9756221	ctg000004	5851293	5859926	
4	9756334	9756959	ctg000004	5859815	5860419	
4	9757112	9763893	ctg000004	5860532	5867144	
4	9763813	9791088	ctg000004	5867409	5894076	
4	9791203	9794407	ctg000004	5894076	5897159	
4	9798603	9799967	ctg000004	5897151	5898479	
4	9799964	9800310	ctg000004	5899004	5899335	
4	9800541	9840691	ctg000004	5899411	5938477	
4	9842607	9860632	ctg000004	5938477	5956045	
4	9861174	9883891	ctg000004	5956047	5978282	
4	9883891	9908996	ctg000004	5979321	6003809	
4	9912836	9913313	ctg000004	3132401	3131947	red
4	9914047	9954059	ctg000004	6003804	6042626	
4	9958771	9980882	ctg000004	6042697	6064178	
4	9982093	10020180	ctg000004	6064170	6101125	
4	10020468	10093401	ctg000004	6101225	6172175	
4	10093349	10101155	ctg000004	6172176	6179781	
4	10101156	10121990	ctg000004	6179918	6200312	
4	10121184	10149084	ctg000004	6202191	6229562	
4	10122196	10122537	ctg000004	6200583	6200913	
4	10123037	10123718	ctg000004	6201438	6202096	
4	10149084	10152698	ctg000004	6229661	6233186	
4	10152722	10155345	ctg000004	6233334	6235880	
4	10155345	10168537	ctg000004	6236023	6248782	
4	10168536	10171524	ctg000004	6249451	6252377	
4	10175297	10178676	ctg000004	6252369	6255654	
4	10178905	10179475	ctg000004	6255647	6256205	
4	10179858	10182956	ctg000004	6256203	6259134	
4	10182953	10183465	ctg000004	6259280	6259772	
4	10183461	10231315	ctg000004	6259924	6306636	
4	10231291	10253540	ctg000004	6306650	6328327	
4	10253543	10277261	ctg000004	6333575	6356535	
4	10276841	10283831	ctg000004	6356412	6363160	
4	10287103	10317078	ctg000004	6363335	6392386	
4	10317329	10318987	ctg000004	6392417	6393996	
4	10319066	10334672	ctg000004	6394127	6409273	
4	10334806	10340399	ctg000004	6409460	6414884	
4	10341029	10341379	ctg000004	6416874	6417213	
4	10341756	10380503	ctg000004	6417217	6454856	
4	10380498	10395349	ctg000004	6455842	6470219	
4	10395388	10397389	ctg000004	2833314	2831386	red
4	10397387	10400624	ctg000004	6470222	6473341	
4	10401756	10402548	ctg000004	6473338	6474099	
4	10402706	10423949	ctg000004	6474101	6494801	
4	10424102	10430318	ctg000004	6495218	6501295	
4	10430857	10448107	ctg000004	6501707	6518472	
4	10449095	10449703	ctg000004	6523193	6523787	
4	10450395	10450863	ctg000004	6522077	6522528	
4	10450982	10451500	ctg000004	6522613	6523109	
4	10453197	10491716	ctg000004	6526830	6564222	
4	10493173	10525755	ctg000004	6564348	6596134	
4	10525784	10526211	ctg000004	6596352	6596761	
4	10526984	10527159	ctg000004	6596758	6596935	
4	10529656	10530078	ctg000004	6597044	6597451	
4	10562084	10576848	ctg000004	6599319	6613650	
4	10576897	10599334	ctg000004	6613893	6635601	
4	10599520	10605730	ctg000004	6635597	6641691	
4	10606174	10609384	ctg000004	6641809	6644931	
4	10609391	10613061	ctg000004	6645073	6648650	
4	10613778	10623292	ctg000004	6648660	6658004	
4	10629297	10630096	ctg000004	6662854	6663641	
4	10635547	10638582	ctg000004	6666449	6669425	
4	10638596	10640657	ctg000004	6669534	6671577	
4	10640653	10741102	ctg000004	6676791	6774491	
4	10741090	10764062	ctg000004	6774539	6796913	
4	10764065	10766964	ctg000004	6797442	6800290	
4	10767322	10767479	ctg000004	6800292	6800447	
4	10767742	10804866	ctg000004	6800460	6836600	
4	10803554	10806261	ctg000004	6842695	6845308	
4	10806458	10817300	ctg000004	6845316	6855920	
4	10808111	10808691	ctg000004	6840415	6840990	
4	10817736	10870783	ctg000004	6856199	6908061	
4	10871718	10899526	ctg000004	6908088	6935269	
4	10904693	10911998	ctg000004	6935265	6942456	
4	10913237	10913940	ctg000004	6944422	6945104	
4	10914455	10914807	ctg000004	6945415	6945759	
4	10916363	10919275	ctg000004	6945844	6948692	
4	10919674	10921124	ctg000004	6948676	6950111	
4	10921124	10934626	ctg000004	6950200	6963341	
4	10925669	10926083	ctg000004	6943179	6943592	
4	10935382	10966981	ctg000004	6963342	6993926	
4	10967150	10994735	ctg000004	6994181	7020978	
4	10994843	10999801	ctg000004	7020978	7025770	
4	11000864	11007500	ctg000004	7029929	7036425	
4	11007606	11040225	ctg000004	7036521	7068326	
4	11039255	11040225	ctg000004	1801175	1800248	red
4	11040235	11043406	ctg000004	7068117	7071250	
4	11042790	11042990	ctg000004	1790758	1790948	
4	11099165	11121558	ctg000004	7071249	7093060	
4	11109693	11110562	ctg000004	9533212	9534046	
4	11109705	11111687	ctg000004	1784214	1782260	red
4	11111145	11111692	ctg000004	1798929	1798412	red
4	11114356	11115396	ctg000004	1782270	1781263	red
4	11114356	11116281	ctg000004	1798427	1796543	red
4	11115256	11117567	ctg000004	9539351	9541559	
4	11116744	11117567	ctg000004	1804868	1805679	
4	11116799	11117547	ctg000004	1813213	1813940	
4	11117599	11119304	ctg000004	1800553	1798926	red
4	11123506	11124742	ctg000004	7093785	7094989	
4	11125373	11137481	ctg000004	7094985	7106838	
4	11137482	11138711	ctg000004	11552388	11553575	
4	11138829	11139361	ctg000004	11554842	11555346	
4	11139362	11146801	ctg000004	7106830	7114099	
4	11146792	11170314	ctg000004	7114630	7137563	
4	11170619	11206788	ctg000004	7137556	7172795	
4	11192274	11193567	ctg000004	5775877	5774629	red
4	11192827	11193567	ctg000004	2779041	2778326	red
4	11210780	11211632	ctg000004	11554670	11553839	red
4	11210976	11230721	ctg000004	7172559	7191896	
4	11224159	11224704	ctg000004	1449751	1450287	
4	11230971	11290780	ctg000004	7192063	7250592	
4	11290878	11360871	ctg000004	7250593	7318806	
4	11360870	11362945	ctg000004	5051420	5049401	red
4	11362639	11362766	ctg000004	4012285	4012160	red
4	11362945	11364089	ctg000004	7318806	7319932	
4	11379699	11380044	ctg000004	5501311	5501642	
4	11386243	11386624	ctg000004	7320298	7319929	red
4	11389218	11391808	ctg000004	7331375	7333855	
4	11389253	11390966	ctg000004	7346321	7347994	
4	11389570	11391808	ctg000004	7320439	7322563	
4	11391019	11406210	ctg000004	7347993	7362697	
4	11406332	11412911	ctg000004	7362802	7369166	
4	11413200	11430456	ctg000004	7369165	7385936	
4	11430656	11439921	ctg000004	7385949	7394959	
4	11440282	11440484	ctg000004	7395723	7395922	
4	11440805	11475527	ctg000004	7396190	7430124	
4	11475523	11506671	ctg000004	7430540	7460973	
4	11506666	11584048	ctg000004	7461006	7536551	
4	11584038	11603348	ctg000004	7538671	7557577	
4	11603353	11603539	ctg000004	7558433	7558615	
4	11603554	11615468	ctg000004	7559152	7570871	
4	11615490	11620260	ctg000004	7571386	7576066	
4	11621146	11634390	ctg000004	7577069	7590053	
4	11634404	11638544	ctg000004	7591088	7595077	
4	11638552	11643393	ctg000004	7595266	7600036	
4	11643548	11643771	ctg000004	7606655	7606871	
4	11643864	11644592	ctg000004	7606871	7607606	
4	11644590	11644780	ctg000004	7611927	7612117	
4	11645238	11649987	ctg000004	7612112	7616741	
4	11649989	11670486	ctg000004	7616832	7636865	
4	11670486	11676467	ctg000004	7638889	7644730	
4	11681341	11682086	ctg000004	7644726	7645466	
4	11682495	11735536	ctg000004	7645589	7697250	
4	11696315	11696572	ctg000004	13654676	13654424	red
4	11735327	11738588	ctg000004	7698801	7701976	
4	11738584	11751723	ctg000004	7710875	7723691	
4	11750272	11750870	ctg000004	7728588	7729166	
4	11750272	11750870	ctg000004	7746025	7746602	
4	11752252	11753031	ctg000004	7723691	7724437	
4	11754165	11756718	ctg000004	7723987	7726436	
4	11754866	11756718	ctg000004	7732952	7734717	
4	11754866	11761060	ctg000004	7750386	7756371	
4	11755368	11756718	ctg000004	7726482	7727757	
4	11755368	11755543	ctg000004	7727803	7727978	
4	11755368	11756717	ctg000004	7734763	7736007	
4	11755368	11756718	ctg000004	7736053	7737315	
4	11755368	11756717	ctg000004	7737356	7738619	
4	11755368	11756718	ctg000004	7738665	7739920	
4	11755368	11756718	ctg000004	7739966	7741246	
4	11755368	11756718	ctg000004	7741292	7742566	
4	11755368	11756718	ctg000004	7742611	7743884	
4	11755368	11756718	ctg000004	7743930	7745195	
4	11755368	11755522	ctg000004	7745241	7745387	
4	11755997	11756417	ctg000004	7728181	7728576	
4	11764804	11764911	ctg000004	7756550	7756655	
4	11765307	11778267	ctg000004	7757882	7770570	
4	11768997	11769211	ctg000004	3447914	3448121	
4	11778605	11794116	ctg000004	7770612	7785772	
4	11782040	11782837	ctg000004	7769817	7770609	
4	11794164	11815009	ctg000004	7785794	7806157	
4	11815003	11815193	ctg000004	7810988	7811172	
4	11826376	11841851	ctg000004	7811003	7826034	
4	11841847	11843300	ctg000004	7828289	7829695	
4	11843299	11853954	ctg000004	7829824	7840166	
4	11853850	11869977	ctg000004	7840166	7855874	
4	11872048	11872400	ctg000004	7855879	7856230	
4	11872541	11978691	ctg000004	7856396	7959793	
4	11932967	11933285	ctg000004	12405185	12404881	red
4	11980013	12028811	ctg000004	7960219	8007929	
4	12028797	12120766	ctg000004	8008267	8097708	
4	12121182	12125351	ctg000004	8097712	8101777	
4	12125500	12129306	ctg000004	8101829	8105517	
4	12131467	12136879	ctg000004	8105518	8110820	
4	12136890	12152592	ctg000004	8111767	8127291	
4	12154067	12154645	ctg000004	8130990	8131600	
4	12157658	12159375	ctg000004	8135575	8137307	
4	12160443	12161954	ctg000004	8127375	8128857	
4	12160479	12263923	ctg000004	8138945	8239791	
4	12263917	12275470	ctg000004	8240072	8251276	
4	12275578	12276679	ctg000004	8251418	8252481	
4	12276671	12306805	ctg000004	8253314	8282736	
4	12309530	12315398	ctg000004	8282734	8288566	
4	12315616	12340339	ctg000004	8288889	8313051	
4	12340343	12340589	ctg000004	8313312	8313556	
4	12340584	12426761	ctg000004	8313743	8397781	
4	12426878	12430757	ctg000004	8397778	8401574	
4	12430757	12521890	ctg000004	8401728	8490224	
4	12521882	12606768	ctg000004	8490869	8573795	
4	12606476	12607046	ctg000004	5255231	5254697	red
4	12606890	12635600	ctg000004	8573797	8601801	
4	12635596	12714136	ctg000004	8601842	8678607	
4	12713027	12754489	ctg000004	8678611	8718793	
4	12754496	12829434	ctg000004	8718763	8791832	
4	12829582	12947134	ctg000004	8791944	8906792	
4	12947129	12948909	ctg000004	8907857	8909581	
4	12948967	12949349	ctg000004	7093624	7093262	red
4	12949461	12983095	ctg000004	8909585	8942251	
4	12983081	12983703	ctg000004	8942401	8942996	
4	12983690	13027590	ctg000004	8943945	8986508	
4	13027587	13053608	ctg000004	8987413	9012875	
4	13053688	13123869	ctg000004	9013003	9081621	
4	13123868	13124267	ctg000004	7114098	7114489	
4	13124456	13163682	ctg000004	9081624	9119684	
4	13163681	13316601	ctg000004	9120145	9268942	
4	13281337	13281686	ctg000004	2378110	2377758	red
4	13317049	13486874	ctg000004	9268934	9434416	
4	13487040	13537102	ctg000004	9434414	9483248	
4	13537176	13574040	ctg000004	9483239	9519280	
4	13573351	13574040	ctg000004	9561345	9560668	red
4	13573351	13574040	ctg000004	9590927	9590264	red
4	13573351	13574040	ctg000004	9616218	9615549	red
4	13574010	13575314	ctg000004	9560560	9559276	red
4	13574010	13575314	ctg000004	9590158	9588867	red
4	13574010	13578314	ctg000004	9615445	9611253	red
4	13574013	13578314	ctg000004	9519385	9523604	
4	13574916	13578314	ctg000004	9585948	9582604	red
4	13575794	13578314	ctg000004	9554020	9551531	red
4	13581542	13588636	ctg000004	9571137	9578093	
4	13581542	13588636	ctg000004	9631192	9638143	
4	13587095	13588636	ctg000004	9529598	9528104	red
4	13588077	13588766	ctg000004	9550853	9551524	
4	13588077	13588766	ctg000004	9581925	9582597	
4	13588077	13588766	ctg000004	9610577	9611246	
4	13588079	13588766	ctg000004	9524282	9523611	red
4	13588827	13592671	ctg000004	9528094	9524304	red
4	13588949	13592671	ctg000004	9578246	9581904	
4	13588949	13620348	ctg000004	9638296	9668830	
4	13590029	13592671	ctg000004	9548237	9550832	
4	13590029	13592671	ctg000004	9607973	9610556	
4	13590902	13593287	ctg000004	9561344	9563612	
4	13590902	13593287	ctg000004	9590926	9593206	
4	13590902	13593287	ctg000004	9616217	9618483	
4	13592378	13593287	ctg000004	9543010	9543882	
4	13593136	13593287	ctg000004	9568689	9568838	
4	13593136	13593271	ctg000004	9598268	9598396	
4	13593136	13593287	ctg000004	9603466	9603615	
4	13593136	13593287	ctg000004	9623530	9623674	
4	13593136	13593287	ctg000004	9628726	9628875	
4	13593683	13593890	ctg000004	9543889	9544091	
4	13593683	13593890	ctg000004	9563619	9563823	
4	13593683	13593890	ctg000004	9568845	9569047	
4	13593683	13593890	ctg000004	9593213	9593417	
4	13593683	13593890	ctg000004	9603622	9603826	
4	13593683	13593890	ctg000004	9618490	9618694	
4	13593683	13593890	ctg000004	9628882	9629086	
4	13637346	13706695	ctg000004	9673746	9741304	
4	13706690	13778037	ctg000004	9745152	9814563	
4	13781599	13820837	ctg000004	9814568	9852712	
4	13820835	13878655	ctg000004	9853566	9910096	
4	13878658	13880936	ctg000004	9910341	9912536	
4	13880963	13887250	ctg000004	9912862	9918991	
4	13888108	13960435	ctg000004	9918988	9989694	
4	13960548	14013748	ctg000004	9989692	10041497	
4	14013950	14031560	ctg000004	10041669	10058728	
4	14031956	14122104	ctg000004	10058723	10146775	
4	14122459	14163497	ctg000004	10146770	10186921	
4	14164890	14245792	ctg000004	10186913	10265926	
4	14245873	14249962	ctg000004	10265927	10269886	
4	14250995	14258805	ctg000004	10269878	10277543	
4	14263835	14280182	ctg000004	10277568	10293590	
4	14280565	14283198	ctg000004	1980468	1983015	
4	14288309	14302614	ctg000004	10293582	10307596	
4	14302749	14397158	ctg000004	10307589	10399648	
4	14397166	14397511	ctg000004	10400286	10399953	red
4	14397509	14433940	ctg000004	10400511	10435991	
4	14433927	14478025	ctg000004	10440330	10483083	
4	14478022	14514851	ctg000004	10484138	10520355	
4	14516232	14526862	ctg000004	10523280	10533617	
4	14526591	14529633	ctg000004	10533487	10536439	
4	14529635	14556558	ctg000004	10536595	10562813	
4	14556558	14843827	ctg000004	10564106	10844255	
4	14844391	14911692	ctg000004	10853394	10919178	
4	14912635	15012482	ctg000004	10919174	11016767	
4	14971280	14977263	ctg000004	1806202	1812028	
4	14978068	14978683	ctg000004	3661046	3660438	red
4	15012483	15014864	ctg000004	7826038	7828288	
4	15014865	15241455	ctg000004	11016759	11237599	
4	15239915	15324798	ctg000004	11235614	11318402	
4	15325030	15383066	ctg000004	11318399	11374924	
4	15383062	15397744	ctg000004	11374957	11389287	
4	15398695	15466381	ctg000004	11389277	11455106	
4	15441651	15442196	ctg000004	1394491	1393967	red
4	15441680	15442196	ctg000004	2486087	2486568	
4	15467915	15469204	ctg000004	11458625	11459876	
4	15467916	15469499	ctg000004	11456329	11457907	
4	15469520	15470575	ctg000004	11460707	11461765	
4	15470795	15559724	ctg000004	11462017	11548405	
4	15556166	15557498	ctg000004	11549961	11551246	
4	15557746	15558502	ctg000004	11557960	11557248	red
4	15562104	15562790	ctg000004	11547941	11548606	
4	15562669	15596409	ctg000004	11558253	11591085	
4	15563847	15564410	ctg000004	1803387	1802839	red
4	15564458	15564656	ctg000004	1802602	1802415	red
4	15564512	15564746	ctg000004	11548827	11548603	red
4	15565064	15565393	ctg000004	1802419	1802103	red
4	15565066	15565541	ctg000004	1709532	1709066	red
4	15565105	15565259	ctg000004	11557955	11558099	
4	15595868	15596381	ctg000004	2536280	2536757	
4	15595907	15596416	ctg000004	2523490	2523969	
4	15595907	15596103	ctg000004	3659170	3658974	red
4	15596119	15631373	ctg000004	11590943	11625278	
4	15596123	15596741	ctg000004	2536697	2537295	
4	15631421	15705468	ctg000004	11625176	11697055	
4	15705492	15908297	ctg000004	11697037	11894503	
4	15816053	15816689	ctg000004	3871205	3870598	red
4	15908309	15909715	ctg000004	11894887	11896261	
4	15909715	15922831	ctg000004	11896395	11909279	
4	15924044	16050248	ctg000004	11909272	12032478	
4	16050239	16051135	ctg000004	12032878	12033744	
4	16051043	16055476	ctg000004	12033800	12038068	
4	16055474	16232531	ctg000004	12037905	12210602	
4	16232804	16293328	ctg000004	12210607	12269287	
4	16293659	16313141	ctg000004	12269278	12288175	
4	16313129	16397074	ctg000004	12288400	12370512	
4	16377874	16378839	ctg000004	4178710	4179658	
4	16378232	16378611	ctg000004	2127472	2127844	
4	16397074	16406419	ctg000004	12372440	12381566	
4	16406423	16423091	ctg000004	12382105	12398373	
4	16423083	16428821	ctg000004	12399259	12404870	
4	16428821	16587726	ctg000004	12405173	12559706	
4	16587708	16592147	ctg000004	12565796	12570080	
4	16592831	16617617	ctg000004	12570082	12594381	
4	16618449	16715340	ctg000004	12594367	12688863	
4	16715479	16735095	ctg000004	12688863	12707891	
4	16735093	16748487	ctg000004	12708680	12721787	
4	16748489	16776843	ctg000004	12722487	12750094	
4	16777153	16863263	ctg000004	12750311	12834182	
4	16863444	16863572	ctg000004	4012162	4012289	
4	16864715	16865072	ctg000004	4210993	4210643	red
4	16865069	16920949	ctg000004	12834182	12888644	
4	16921193	16951533	ctg000004	12888642	12918289	
4	16951677	17092571	ctg000004	12918290	13055811	
4	17092571	17103979	ctg000004	13056340	13067457	
4	17103976	17115726	ctg000004	13068099	13079516	
4	17115895	17118157	ctg000004	13079552	13081776	
4	17118146	17217933	ctg000004	13082942	13179931	
4	17217967	17263162	ctg000004	13180373	13224140	
4	17263309	17278921	ctg000004	13224137	13239375	
4	17278961	17280135	ctg000004	13239539	13240673	
4	17281112	17305134	ctg000004	13241236	13264728	
4	17305300	17339784	ctg000004	13264752	13298409	
4	17339298	17340132	ctg000004	13298365	13299165	
4	17340130	17363954	ctg000004	13299031	13322323	
4	17363953	17555586	ctg000004	13323872	13510562	
4	17555889	17569340	ctg000004	13510571	13523817	
4	17569626	17575664	ctg000004	13523935	13529848	
4	17575662	17596822	ctg000004	13531315	13551798	
4	17597043	17607934	ctg000004	13551793	13562537	
4	17608130	17616603	ctg000004	13562540	13570753	
4	17616453	17637310	ctg000004	13570751	13591019	
4	17638028	17648606	ctg000004	13591019	13601331	
4	17648625	17673423	ctg000004	13601612	13625475	
4	17673517	17674153	ctg000004	13625600	13626220	
4	17674600	17689953	ctg000004	13626199	13641068	
4	17689950	17694280	ctg000004	13641345	13645596	
4	17694522	17699103	ctg000004	13645856	13650357	
4	17699103	17703070	ctg000004	13650540	13654418	
4	17703086	17712150	ctg000004	13655627	13664474	
4	17708100	17708244	ctg000004	13768224	13768086	red
4	17716965	17717616	ctg000004	13664467	13665098	
4	17717610	17769988	ctg000004	13665365	13716119	
4	17769984	17773245	ctg000004	13716393	13719508	
4	17773240	17821473	ctg000004	13719799	13766639	
4	17821338	17841816	ctg000004	13768733	13788789	
4	17841816	18087204	ctg000004	13788909	14028241	
4	17933082	17933355	ctg000004	13767197	13767474	
4	17946846	17947387	ctg000004	13768732	13768226	red
4	17946984	17947397	ctg000004	13655490	13655872	
4	17948192	17948876	ctg000004	13768158	13767472	red
4	18087444	18100441	ctg000004	14028238	14040826	
4	18100564	18201481	ctg000004	14040834	14139173	
4	18203630	18256182	ctg000004	14139973	14190925	
4	18249137	18249337	ctg000004	14139779	14139975	
4	18249830	18250098	ctg000004	3164772	3164510	red
4	18256182	18323335	ctg000004	14191169	14256685	
4	18323334	18413255	ctg000004	14257099	14344781	
4	18413359	18425521	ctg000004	14344781	14356712	
4	18426716	18499003	ctg000004	14356710	14427049	
4	18499003	18505640	ctg000004	14427153	14433558	
4	18505647	18517136	ctg000004	14433721	14444819	
4	18518906	18522763	ctg000004	14444945	14448684	
4	18522763	18526364	ctg000004	14448791	14452281	
4	18526598	18532334	ctg000004	14452331	14457939	
4	18533643	18584851	ctg000004	14457958	14507717	
